34 1 144 610 377 2584 4181 6765 4181 13 5 2 1 2 8 5 28657 46368 75025 121393 
8 10946 4181 2584 121393 1346269 75025 5702887 317811 514229 121393 5702887 144 1 2 34 1 3 13 34 
610 1 75025 377 8 21 1 13 5 21 17711 5702887 3524578 75025 144 4181 2 3 377 121393 
3524578 1 5702887 987 610 377 987 1597 514229 317811 2584 75025 3524578 5 1 2 144 377 144 75025 
6765 1 1 1 1 1 2 2 21 8 89 1 144 75025 10946 6765 377 144 233 377 
3 2 1 1 89 13 1 1 4181 5 13 13 1 2 1 5 144 377 377 610 
2 5702887 377 144 144 21 1 1597 4181 610 13 196418 121393 28657 6765 46368 1346269 2178309 144 1346269 
610 5702887 377 144 144 21 1 987 4181 5 1597 196418 8 28657 6765 3 377 377 144 377 
5702887 5702887 34 21 13 21 1 987 2584 610 1597 13 121393 2 6765 8 144 377 233 55 
5702887 5702887 377 144 144 21 1 987 4181 610 1597 13 144 28657 1 610 1 1 1 1 
6765 10946 5702887 121393 75025 46368 987 3 144 89 6765 832040 6765 55 3 1 144 46368 28657 75025 
514229 196418 5702887 8 5 3 8 3 21 8 144 5702887 89 28657 17711 28657 377 610 233 377 
8 13 34 1 5 3 8 13 13 34 89 46368 5702887 75025 6765 10946 233 144 89 55 
2 4181 1346269 13 196418 2584 987 377 2584 987 144 89 1 17711 46368 17711 144 55 55 55 
8 1 3 987 610 377 21 13 2178309 5702887 89 144 55 6765 6765 6765 377 9227465 377 610 
6765 10946 5702887 8 5 3 8 3 21 8 144 5702887 89 28657 17711 28657 610 610 987 6765 
2584 317811 24157817 377 89 34 1 1 2 89 144 3 2 1 10946 10946 610 1 8 13 
3524578 10946 3 610 610 377 987 377 2584 987 1 3 1 2 1 2 3 21 2 1 
1 1 2 2 1 89 89 89 8 1 17711 1 8 13 1 17711 1 8 3 21 
1 1 2 987 610 377 21 34 3 2 1 3 144 28657 17711 28657 144 14930352 1 17711 
