2 5 8 11 17 17 19 31 14 21 30 33 35 37 39 38 28 35 37 30 
13 16 19 22 25 17 20 23 26 39 53 53 57 58 62 62 66 37 42 42 
2 5 8 11 17 17 19 31 14 21 30 33 35 37 39 38 28 35 37 30 
13 16 19 22 25 17 20 23 26 39 53 53 57 58 62 62 66 37 42 42 
2 5 8 11 17 17 19 31 14 21 30 33 35 37 39 38 28 35 37 30 
13 16 19 22 25 17 20 23 26 39 53 53 57 58 62 62 66 37 42 42 
2 5 8 11 17 17 19 31 14 21 30 33 35 37 39 38 28 35 37 30 
13 16 19 22 25 17 20 23 26 39 53 53 57 58 62 62 66 37 42 42 
2 5 8 11 17 17 19 31 14 21 30 33 35 37 39 38 28 35 37 30 
13 16 19 22 25 17 20 23 26 39 53 53 57 58 62 62 66 37 42 42 
2 5 8 11 17 17 19 31 14 21 30 33 35 37 39 38 28 35 37 30 
13 16 19 22 25 17 20 23 26 39 53 53 57 58 62 62 66 37 42 42 
2 5 8 11 17 17 19 31 14 21 30 33 35 37 39 38 28 35 37 30 
13 16 19 22 25 17 20 23 26 39 53 53 57 58 62 62 66 37 42 42 
2 5 8 11 17 17 19 31 14 21 30 33 35 37 39 38 28 35 37 30 
13 16 19 22 25 17 20 23 26 39 53 53 57 58 62 62 66 37 42 42 
2 5 8 11 17 17 19 31 14 21 30 33 35 37 39 38 28 35 37 30 
13 16 19 22 25 17 20 23 26 39 53 53 57 58 62 62 66 37 42 42 
2 5 8 11 17 17 19 31 14 21 30 33 35 37 39 38 28 35 37 30 
13 16 19 22 25 17 20 23 26 39 53 53 57 58 62 62 66 37 42 42 
