1 3 5 7 12 11 12 23 5 11 10 12 13 14 15 13 2 8 9 1
2 4 6 8 10 1 3 5 7 9 12 11 14 13 16 15 18 17 20 19
1 3 5 7 12 11 12 23 5 11 10 12 13 14 15 13 2 8 9 1
2 4 6 8 10 1 3 5 7 9 12 11 14 13 16 15 18 17 20 19
1 3 5 7 12 11 12 23 5 11 10 12 13 14 15 13 2 8 9 1
2 4 6 8 10 1 3 5 7 9 12 11 14 13 16 15 18 17 20 19
1 3 5 7 12 11 12 23 5 11 10 12 13 14 15 13 2 8 9 1
2 4 6 8 10 1 3 5 7 9 12 11 14 13 16 15 18 17 20 19
1 3 5 7 12 11 12 23 5 11 10 12 13 14 15 13 2 8 9 1
2 4 6 8 10 1 3 5 7 9 12 11 14 13 16 15 18 17 20 19
1 3 5 7 12 11 12 23 5 11 10 12 13 14 15 13 2 8 9 1
2 4 6 8 10 1 3 5 7 9 12 11 14 13 16 15 18 17 20 19
1 3 5 7 12 11 12 23 5 11 10 12 13 14 15 13 2 8 9 1
2 4 6 8 10 1 3 5 7 9 12 11 14 13 16 15 18 17 20 19
1 3 5 7 12 11 12 23 5 11 10 12 13 14 15 13 2 8 9 1
2 4 6 8 10 1 3 5 7 9 12 11 14 13 16 15 18 17 20 19
1 3 5 7 12 11 12 23 5 11 10 12 13 14 15 13 2 8 9 1
2 4 6 8 10 1 3 5 7 9 12 11 14 13 16 15 18 17 20 19
1 3 5 7 12 11 12 23 5 11 10 12 13 14 15 13 2 8 9 1
2 4 6 8 10 1 3 5 7 9 12 11 14 13 16 15 18 17 20 19
