4.00 4.00 1.73 256.00 3.87 196.00 64.00 3.00 16.00 1.73 4.00 16.00 144.00 4.80 484.00 4.80 144.00 1296.00 4.00 484.00 
400.00 4.58 1156.00 36.00 2.24 16.00 36.00 16.00 64.00 36.00 144.00 1156.00 3.32 4.80 484.00 4.80 3.87 3.87 256.00 400.00 
5.74 4.58 16.00 3.87 3.87 196.00 256.00 196.00 324.00 256.00 1.00 16.00 1.00 1.73 4.00 1.73 16.00 64.00 1.73 1.00 
3.00 1.00 144.00 3.87 196.00 324.00 4.36 400.00 4.36 2.65 2.24 1.73 1.00 1.73 36.00 2.24 4.80 576.00 5.00 676.00 
36.00 4.58 4.36 324.00 676.00 5.57 5.00 1156.00 784.00 5.39 676.00 1156.00 144.00 4.00 1.73 3.00 4.00 16.00 2.65 3.00 
5.74 4.00 1156.00 256.00 3.87 196.00 256.00 4.12 5.39 784.00 324.00 5.00 5.74 2.24 4.00 1.73 144.00 196.00 144.00 5.00 
400.00 4.58 1156.00 676.00 5.00 576.00 256.00 16.00 144.00 3.32 400.00 900.00 400.00 100.00 16.00 4.00 144.00 576.00 4.80 5.00 
1.73 1156.00 196.00 144.00 144.00 64.00 1.00 4.12 4.36 3.87 2.65 5.20 676.00 4.80 400.00 576.00 5.57 1024.00 144.00 5.57 
1156.00 1156.00 3.00 64.00 2.65 64.00 1.00 256.00 324.00 3.87 4.12 2.65 676.00 1.73 400.00 36.00 144.00 196.00 3.61 100.00 
324.00 784.00 6.08 196.00 3.32 3.00 4.00 1.00 1.73 3.32 144.00 16.00 1.73 4.00 4.58 4.58 3.87 4.00 36.00 2.65 
4.00 4.00 1.73 1.73 4.00 3.32 3.32 3.32 36.00 1.00 484.00 4.00 36.00 2.65 4.00 484.00 4.00 36.00 16.00 64.00 
3.87 1.00 5.00 196.00 36.00 64.00 1.00 2.65 2.24 64.00 484.00 1156.00 5.74 5.00 144.00 4.36 1.73 16.00 196.00 676.00 
400.00 1.00 1.00 4.00 4.00 4.00 1.73 1.73 64.00 36.00 3.32 1.00 144.00 5.00 4.58 400.00 196.00 144.00 3.61 196.00 
5.39 5.20 1156.00 36.00 2.24 16.00 36.00 16.00 64.00 36.00 144.00 1156.00 3.32 4.80 484.00 4.80 196.00 3.87 3.61 196.00 
1156.00 1156.00 196.00 144.00 144.00 64.00 1.00 256.00 4.36 3.87 4.12 2.65 144.00 4.80 4.00 3.87 1.00 1.00 4.00 4.00 
3.87 1156.00 196.00 144.00 144.00 64.00 1.00 256.00 4.36 2.24 4.12 5.20 36.00 4.80 400.00 16.00 196.00 196.00 144.00 196.00 
36.00 1.00 16.00 256.00 3.87 196.00 64.00 2.65 1024.00 1156.00 3.32 144.00 100.00 400.00 400.00 400.00 196.00 5.92 196.00 3.87 
16.00 1.73 1.00 1.00 3.32 2.65 1.00 1.00 4.36 2.24 2.65 2.65 4.00 1.73 4.00 2.24 144.00 196.00 196.00 3.87 
36.00 2.65 3.00 1.00 2.24 16.00 36.00 2.65 2.65 3.00 3.32 576.00 1156.00 5.00 400.00 4.58 3.61 144.00 3.32 100.00 
1.73 4.36 5.57 2.65 5.20 324.00 256.00 196.00 324.00 256.00 144.00 3.32 1.00 484.00 576.00 484.00 144.00 100.00 100.00 100.00 
