20.00 21.00 34.00 6.00 5.00 4.00 6.00 4.00 8.00 6.00 12.00 34.00 11.00 23.00 22.00 23.00 15.00 15.00 16.00 20.00
18.00 28.00 37.00 14.00 11.00 9.00 2.00 1.00 3.00 11.00 12.00 4.00 3.00 2.00 21.00 21.00 15.00 2.00 6.00 7.00
33.00 21.00 4.00 15.00 15.00 14.00 16.00 14.00 18.00 16.00 1.00 4.00 1.00 3.00 2.00 3.00 4.00 8.00 3.00 1.00
2.00 2.00 3.00 3.00 2.00 11.00 11.00 11.00 6.00 1.00 22.00 2.00 6.00 7.00 2.00 22.00 2.00 6.00 4.00 8.00
2.00 2.00 3.00 16.00 15.00 14.00 8.00 9.00 4.00 3.00 2.00 4.00 12.00 23.00 22.00 23.00 12.00 36.00 2.00 22.00
9.00 1.00 12.00 15.00 14.00 18.00 19.00 20.00 19.00 7.00 5.00 3.00 1.00 3.00 6.00 5.00 23.00 24.00 25.00 26.00
6.00 21.00 19.00 18.00 26.00 31.00 25.00 34.00 28.00 29.00 26.00 34.00 12.00 2.00 3.00 9.00 2.00 4.00 7.00 9.00
15.00 1.00 25.00 14.00 6.00 8.00 1.00 7.00 5.00 8.00 22.00 34.00 33.00 25.00 12.00 19.00 3.00 4.00 14.00 26.00
33.00 2.00 34.00 16.00 15.00 14.00 16.00 17.00 29.00 28.00 18.00 25.00 33.00 5.00 2.00 3.00 12.00 14.00 12.00 25.00
20.00 1.00 1.00 2.00 2.00 2.00 3.00 3.00 8.00 6.00 11.00 1.00 12.00 25.00 21.00 20.00 14.00 12.00 13.00 14.00
20.00 21.00 34.00 26.00 25.00 24.00 16.00 4.00 12.00 11.00 20.00 30.00 20.00 10.00 4.00 2.00 12.00 24.00 23.00 25.00
29.00 27.00 34.00 6.00 5.00 4.00 6.00 4.00 8.00 6.00 12.00 34.00 11.00 23.00 22.00 23.00 14.00 15.00 13.00 14.00
6.00 7.00 9.00 1.00 5.00 4.00 6.00 7.00 7.00 9.00 11.00 24.00 34.00 25.00 20.00 21.00 13.00 12.00 11.00 10.00
3.00 19.00 31.00 7.00 27.00 18.00 16.00 14.00 18.00 16.00 12.00 11.00 1.00 22.00 24.00 22.00 12.00 10.00 10.00 10.00
6.00 1.00 4.00 16.00 15.00 14.00 8.00 7.00 32.00 34.00 11.00 12.00 10.00 20.00 20.00 20.00 14.00 35.00 14.00 15.00
4.00 3.00 1.00 1.00 11.00 7.00 1.00 1.00 19.00 5.00 7.00 7.00 2.00 3.00 2.00 5.00 12.00 14.00 14.00 15.00
3.00 34.00 14.00 12.00 12.00 8.00 1.00 17.00 19.00 15.00 7.00 27.00 26.00 23.00 20.00 24.00 31.00 32.00 12.00 31.00
15.00 34.00 14.00 12.00 12.00 8.00 1.00 16.00 19.00 5.00 17.00 27.00 6.00 23.00 20.00 4.00 14.00 14.00 12.00 14.00
34.00 34.00 9.00 8.00 7.00 8.00 1.00 16.00 18.00 15.00 17.00 7.00 26.00 3.00 20.00 6.00 12.00 14.00 13.00 10.00
34.00 34.00 14.00 12.00 12.00 8.00 1.00 16.00 19.00 15.00 17.00 7.00 12.00 23.00 2.00 15.00 1.00 1.00 2.00 2.00
